10
12
0 1 73.037 6.07
0 2 32.794 9.692
0 3 83.509 11.424
0 4 68.089 3.143
0 5 43.412 9.395
0 6 50.188 0.858
0 7 15.844 8.687
0 8 68.587 9.066
0 9 65.069 5.602
1 2 13.22 11.68
1 3 34.555 2.35
1 4 62.314 8.764
1 5 35.555 8.174
1 6 69.137 4.368
1 7 36.727 0.816
1 8 25.436 3.329
1 9 99.374 4.548
2 3 53.135 7.212
2 4 32.756 5.249
2 5 83.994 6.075
2 6 75.31 7.407
2 7 55.879 4.091
2 8 84.184 7.021
2 9 66.685 8.588
3 4 11.036 0.639
3 5 20.695 11.859
3 6 13.79 10.646
3 7 32.02 10.994
3 8 98.921 8.803
3 9 20.542 8.306
4 5 24.977 8.653
4 6 41.526 1.852
4 7 63.274 10.199
4 8 7.596 0.932
4 9 59.071 8.776
5 6 16.531 4.767
5 7 9.833 10.942
5 8 21.047 7.258
5 9 62.99 5.822
6 7 74.512 11.254
6 8 52.09 6.036
6 9 40.047 5.617
7 8 88.414 12.268
7 9 43.276 7.811
8 9 66.43 6.942